主校区大门 2
田径场 2
男生宿舍楼一栋 1
男生宿舍楼二栋 1
男生宿舍楼三栋 1
女生宿舍楼一栋 1
女生宿舍楼二栋 1
女生宿舍楼三栋 1
办公楼一 2
综合楼 2
学生食堂一 1
学生食堂二 1
学生食堂三 1
学生活动中心
办公楼二 2
保安处 2
超市 1
中心广场 2
停车场 2
图书馆 1
教学楼一栋 1
教学楼二栋 1
教学楼三栋 1
体育馆 1
邮政局 1
快递站 1
健身房 1
自行车棚一号 2
自行车棚二号 2
自行车棚三号 2
宿舍一 1
宿舍二 1
科技楼 2
室内体育场一 1
宿舍三 1
宿舍四 1
展览楼 2
京东站 1
西超商 1
科技图书馆 1
自习楼 1
小卖铺 1
菜鸟驿站 1
食堂一 1
食堂二 1
食堂三 1
东超商 1
小体育馆 1
教研楼一 1
教研楼二 1
室外运动场 2
综艺楼 2
教研楼三 1
教研楼四 1
后勤楼 1
停车场 2
配电房 2
室内体育场二 1
西门 2
新校区大门 2
0 24 300 7 1 西
0 35 200 6 1 北
0 25 100 5 1 东
1 60 100 4 0 北
1 55 100 4 0 南
2 64 100 5 0 西
2 65 100 6 0 东
3 65 100 7 0 西
3 66 200 4 0 东
4 66 100 5 0 西
4 67 200 8 0 东
5 60 100 8 0 西
5 61 100 7 0 东
6 61 100 4 0 西
6 62 200 8 0 东
7 62 100 2 0 西
7 63 200 1 0 东
8 54 200 4 0 北
8 47 200 6 0 南
9 55 200 5 0 北
9 48 200 7 0 南
10 56 200 1 1 北
10 49 200 6 1 南
11 57 200 7 0 北
11 50 200 6 0 南
12 57 50 1 0 西
12 58 50 4 0 东
13 51 200 9 0 南
13 58 200 4 0 北
14 47 100 6 0 北
14 40 100 2 0 南
15 48 100 7 0 北
15 41 100 2 0 南
16 49 100 8 1 北
16 42 100 7 1 南
17 49 50 8 0 西
17 50 50 2 0 东
18 51 100 7 0 北
18 44 100 6 0 南
19 39 50 3 0 西
19 40 50 6 0 东
20 41 100 8 0 北
20 34 100 6 0 南
21 42 100 7 1 北
21 35 100 3 1 南
22 43 100 8 0 北
22 36 100 5 0 南
23 44 100 7 0 北
23 37 100 4 0 南
24 30 100 7 1 西
24 0 300 7 1 东
25 0 100 5 1 西
25 31 100 7 1 东
26 37 50 8 0 北
26 31 50 4 0 南
27 64 30 2 0 北
27 60 30 6 0 南
28 65 30 7 0 北
28 61 30 6 0 南
29 66 30 4 0 北
29 62 30 8 0 南
30 24 100 7 1 东
30 33 200 8 1 北
31 25 100 7 1 西
31 26 50 4 0 北
31 32 200 7 1 东
32 31 200 7 1 西
32 38 200 4 1 北
33 30 200 8 1 南
33 34 400 2 1 东
33 39 400 2 1 北
34 33 400 2 1 西
34 35 200 8 0 东
34 20 100 6 0 北
35 34 200 8 0 西
35 21 100 3 1 北
35 36 100 7 0 东
35 0 200 6 1 南
36 35 100 7 0 西
36 22 100 5 0 北
36 37 300 4 0 东
37 36 300 4 0 西
37 23 100 4 0 北
37 38 300 8 0 东
37 26 50 8 0 南
38 37 300 8 0 西
38 45 400 6 1 北
38 32 200 4 1 南
39 33 400 2 1 南
39 46 300 3 1 北
39 19 50 3 0 东
40 19 50 6 0 西
40 14 100 2 0 北
40 41 100 7 0 东
41 40 100 7 0 西
41 15 100 2 0 北
41 20 100 8 0 南
41 42 200 8 0 东
42 41 200 8 0 西
42 16 100 7 1 北
42 21 100 7 1 南
42 43 200 5 0 东
43 42 200 5 0 西
43 22 100 8 0 南
43 44 200 6 0 东
44 43 200 6 0 西
44 18 100 6 0 北
44 23 100 7 0 南
44 45 300 5 0 东
45 44 300 5 0 西
45 38 400 6 1 南
45 52 300 2 1 北
46 39 300 3 1 南
46 53 300 4 1 北
46 47 200 6 0 东
47 46 200 6 0 西
47 8 200 6 0 北
47 14 100 6 0 南
47 48 100 6 0 东
48 47 100 6 0 西
48 9 200 7 0 北
48 15 100 7 0 南
48 49 200 4 1 东
49 48 200 4 1 西
49 10 200 6 1 北
49 16 100 8 1 南
49 17 50 8 0 东
50 17 50 2 0 西
50 11 200 6 0 北
50 51 100 2 0 东
51 50 100 2 0 西
51 13 200 9 0 北
51 18 100 7 0 南
51 52 300 6 0 东
52 51 300 6 0 西
52 59 300 2 1 北
52 45 300 2 1 南
53 46 300 4 1 南
53 54 100 7 0 东
53 68 800 9 1 北
54 53 100 7 0 西
54 8 200 4 0 南
54 55 100 4 0 东
55 54 100 4 0 西
55 9 200 5 0 南
55 1 100 4 0 北
55 56 200 7 1 东
56 55 200 7 1 西
56 10 200 1 1 南
56 61 200 8 1 北
56 57 200 4 1 东
57 56 200 4 1 西
57 11 200 7 0 南
57 12 50 1 0 东
58 12 50 4 0 西
58 13 200 4 0 南
58 62 200 8 0 北
58 59 300 7 0 东
59 58 300 7 0 西
59 52 300 2 1 南
59 63 200 8 1 北
60 5 100 8 0 东
60 1 100 4 0 南
60 27 30 6 0 北
61 5 100 7 0 西
61 56 200 8 1 南
61 6 100 4 0 东
61 28 30 6 0 北
62 6 200 8 0 西
62 58 200 8 0 南
62 29 30 8 0 北
62 7 100 2 0 东
63 7 200 1 0 西
63 59 200 8 1 南
63 67 100 8 1 北
64 27 30 2 0 南
64 2 100 5 0 东
64 69 200 7 0 北
65 2 100 6 0 西
65 28 30 7 0 南
65 3 100 7 0 东
65 70 200 6 0 北
66 3 200 4 0 西
66 71 200 4 0 北
66 4 100 5 0 东
66 29 30 4 0 南
67 4 200 8 0 西
67 63 100 8 1 南
67 72 200 6 1 北
68 53 800 9 1 南
68 69 400 9 1 东
69 68 400 9 1 西
69 64 200 7 0 南
69 70 300 7 1 东
70 69 300 7 1 西
70 65 200 6 0 南
70 71 300 4 1 东
71 70 300 4 1 西
71 66 200 4 0 南
71 72 300 8 1 东
72 71 300 8 1 西
72 67 200 6 1 南
0 143 6000 10 0 车
143 0 6000 10 0 车
108 109 200 8 1 东
109 108 200 8 1 西
109 110 200 7 1 东
110 109 200 7 1 西
110 111 400 6 1 东
111 110 400 6 1 西
111 112 500 6 1 东
112 111 500 6 1 西
104 108 200 4 1 北
108 104 200 4 1 南
105 109 200 7 0 北
109 105 200 7 0 南
106 110 200 6 0 北
110 106 200 6 0 南
107 111 200 8 0 北
111 107 200 8 0 南
113 112 200 8 1 北
112 113 200 8 1 南
103 113 200 7 1 北
113 103 200 7 1 南
104 114 100 7 0 东
114 104 100 7 0 西
114 105 100 7 0 东
105 114 100 7 0 西
105 115 100 8 0 东
115 105 100 8 0 西
115 106 100 8 0 东
106 115 100 8 0 西
106 116 200 7 1 东
116 106 200 7 1 西
116 107 200 8 1 东
107 116 200 8 1 西
107 117 250 5 1 东
117 107 250 5 1 西
117 113 250 5 1 东
113 117 250 5 1 西
98 104 200 6 1 北
104 98 200 6 1 南
99 105 200 6 0 北
105 99 200 6 0 南
100 106 200 6 0 北
106 100 200 6 0 南
101 107 200 6 1 北
107 101 200 6 1 南
98 118 100 7 0 东
118 98 100 7 0 西
118 99 100 7 0 东
99 118 100 7 0 西
99 119 100 6 0 东
119 99 100 6 0 西
119 100 100 7 0 东
100 119 100 7 0 西
100 120 100 7 0 东
120 100 100 7 0 西
120 101 200 7 0 东
101 120 200 7 0 西
101 141 150 7 0 东
141 101 150 7 0 西
141 102 150 7 0 东
102 141 150 7 0 西
102 103 100 8 0 东
103 102 100 8 0 西
143 98 200 6 1 北
98 143 200 6 1 南
122 99 100 7 0 北
99 122 100 7 0 南
73 122 100 7 0 北
122 73 100 7 0 南
123 100 100 7 0 北
100 123 100 7 0 南
74 123 100 9 0 北
123 74 100 9 0 南
124 101 100 6 0 北
101 124 100 6 0 南
75 124 100 6 0 北
124 75 100 6 0 南
125 102 100 8 0 北
102 125 100 8 0 南
76 125 100 8 0 北
125 76 100 8 0 南
77 103 200 7 1 北
103 77 200 7 1 南
143 121 100 6 0 东
121 143 100 6 0 西
121 73 100 6 0 东
73 121 100 6 0 西
73 74 300 7 1 东
74 73 300 7 1 西
74 75 300 8 1 东
75 74 300 8 1 西
75 76 300 9 0 东
76 75 300 9 0 西
76 77 100 7 0 东
77 76 100 7 0 西
126 143 100 7 1 北
143 126 100 7 1 南
78 126 100 6 1 北
126 78 100 6 1 南
127 73 150 8 0 北
73 127 150 8 0 南
79 127 150 8 0 北
127 79 150 8 0 南
128 74 150 7 1 北
74 128 150 7 1 南
80 128 150 7 1 北
128 80 150 7 1 南
129 75 150 9 0 北
75 129 150 9 0 南
81 129 150 9 0 北
129 81 150 9 0 南
130 76 150 8 0 北
76 130 150 8 0 南
82 130 150 8 0 北
130 82 150 8 0 南
83 77 300 7 1 北
77 83 300 7 1 南
78 79 200 8 0 东
79 78 200 8 0 西
79 80 300 7 0 东
80 79 300 7 0 西
80 133 150 6 0 东
133 80 150 6 0 西
133 81 150 8 0 东
81 133 150 8 0 西
81 82 300 9 1 东
82 81 300 9 1 西
82 83 100 8 0 东
83 82 100 8 0 西
131 78 100 9 1 北
78 131 100 9 1 南
84 131 100 9 1 北
131 84 100 9 1 南
132 79 100 8 0 北
79 132 100 8 0 南
85 132 100 8 0 北
132 85 100 8 0 南
86 80 200 6 1 北
80 86 200 6 1 南
134 81 100 7 0 北
81 134 100 7 0 南
87 134 100 7 0 北
134 87 100 7 0 南
142 83 200 5 1 北
83 142 200 5 1 南
90 142 200 5 1 北
142 90 200 5 1 南
84 85 200 8 0 东
85 84 200 8 0 西
85 86 300 8 0 东
86 85 300 8 0 西
86 87 300 7 0 东
87 86 300 7 0 西
135 84 150 7 1 北
84 135 150 7 1 南
93 135 150 7 1 北
135 93 150 7 1 南
136 85 150 7 1 北
85 136 150 7 1 南
92 136 150 7 1 北
136 92 150 7 1 南
137 86 150 6 0 北
86 137 150 6 0 南
91 137 150 6 0 北
137 91 150 6 0 南
88 87 300 7 0 北
87 88 300 7 0 南
93 138 100 9 0 东
138 93 100 9 0 西
138 92 100 8 0 东
92 138 100 8 0 西
92 91 300 7 0 东
91 92 300 7 0 西
91 139 150 8 0 东
139 91 150 8 0 西
139 88 150 8 0 东
88 139 150 8 0 西
88 89 100 7 0 东
89 88 100 7 0 西
89 140 100 6 0 东
140 89 100 6 0 西
140 90 200 9 0 东
90 140 200 9 0 西
93 94 100 8 1 南
94 93 100 8 1 北
94 95 600 8 1 东
95 94 600 8 1 西
95 96 500 8 1 东
96 95 500 8 1 西
96 97 300 5 1 东
97 96 300 5 1 西
90 97 100 8 1 南
97 90 100 8 1 北
96 89 100 6 1 北
89 96 100 6 1 南
91 95 100 4 1 南
95 91 100 4 1 北